[6.94401, 1.91538, 7.64065]
[6.94662, 1.91719, 6.55333]
[5.10084, 1.25724, 7.55816]
[7.56822, 1.30565, 7.55819]
[9.52372, 0.39525, 5.52295]
[9.30268, 0.39926, 4.29809]
[0.78389, 1.89721, 7.72114]
[-0.17178, 0.34651, 7.29077]
[-1.44177, 0.4303, 7.1815]
[4.86902, 1.92285, 5.82995]
[4.78403, 1.92722, 5.10819]
[-1.17178, 1.97448, 7.71927]
[1.60148, 2.13722, 7.60967]
[-1.81771, 1.80097, 5.45502]
[-1.82566, 0.8079, 5.4773]
[-2.01174, 1.89722, 7.1682]
[-1.96558, 1.87222, 5.9282]
[4.635, 0.35712, 5.80164]
